========= word =========
Det-Fscore: 0.6164995677167862
Det-PQ: 0.48373762319575814
Det-Precision: 0.671763749231471
Det-Recall: 0.569637071004922
Det-Tightness: 0.7846520071170309

========= line =========
Det-Fscore: 0.7865765754472176
Det-PQ: 0.6129055038794831
Det-Precision: 0.7897943257055107
Det-Recall: 0.7833849380743109
Det-Tightness: 0.7792064027981106

========= paragraph =========
Det-Fscore: 0.6773249058883674
Det-PQ: 0.5286101853309547
Det-Precision: 0.7617338583225897
Det-Recall: 0.6097567778645543
Det-Tightness: 0.7804381335094107
