========= word =========
Det-Fscore: 0.615094425676226
Det-PQ: 0.482130430436668
Det-Precision: 0.6754165682928749
Det-Recall: 0.5646637318467833
Det-Tightness: 0.7838315717243263

========= line =========
Det-Fscore: 0.7991485623542927
Det-PQ: 0.6223230305735266
Det-Precision: 0.7963985561900657
Det-Recall: 0.8019176261578312
Det-Tightness: 0.7787325910218272

========= paragraph =========
Det-Fscore: 0.6857753068004611
Det-PQ: 0.5360387321047576
Det-Precision: 0.7604315465002631
Det-Recall: 0.6244674939803667
Det-Tightness: 0.781653592348912
